1 11 	 [(1,10)0.662272] 	 [(453,1)0.974001] 	 0.679950 	 1
1 12 	 [(1,2)0.808751] 	 [(282,4)0.976193] 	 0.828474 	 1
1 13 	 [(1,9)0.495812] 	 [(487,4)0.974957] 	 0.508548 	 1
1 14 	 [(1,2)0.807506] 	 [(460,8)0.981636] 	 0.822612 	 1
1 15 	 [(1,2)0.685549] 	 [(335,10)0.972213] 	 0.705143 	 1
1 16 	 [(1,2)0.754538] 	 [(453,1)0.968560] 	 0.779031 	 1
1 17 	 [(1,2)0.722410] 	 [(142,10)0.971937] 	 0.743268 	 1
1 18 	 [(1,2)0.652734] 	 [(39,1)0.979044] 	 0.666705 	 1
1 19 	 [(1,2)0.744572] 	 [(394,6)0.977859] 	 0.761431 	 1
1 20 	 [(1,2)0.822893] 	 [(488,1)0.980871] 	 0.838941 	 1
2 11 	 [(2,10)0.552764] 	 [(387,7)0.975521] 	 0.566635 	 1
2 12 	 [(2,6)0.763421] 	 [(593,10)0.981129] 	 0.778105 	 1
2 13 	 [(2,10)0.493074] 	 [(364,6)0.981657] 	 0.502287 	 1
2 14 	 [(2,2)0.602766] 	 [(606,2)0.977080] 	 0.616905 	 1
2 15 	 [(2,2)0.678016] 	 [(52,9)0.977261] 	 0.693792 	 1
2 16 	 [(2,2)0.654094] 	 [(52,6)0.978396] 	 0.668537 	 1
2 17 	 [(2,2)0.778023] 	 [(185,8)0.979973] 	 0.793923 	 1
2 18 	 [(2,2)0.608276] 	 [(52,9)0.975955] 	 0.623262 	 1
2 19 	 [(2,2)0.616639] 	 [(516,6)0.968998] 	 0.636368 	 1
2 20 	 [(2,2)0.673439] 	 [(297,8)0.981843] 	 0.685893 	 1
3 11 	 [(3,10)0.587363] 	 [(681,5)0.988920] 	 0.593944 	 1
3 12 	 [(3,1)0.640024] 	 [(35,4)0.974441] 	 0.656811 	 1
3 13 	 [(3,9)0.650555] 	 [(11,8)0.984129] 	 0.661046 	 1
3 14 	 [(3,2)0.610666] 	 [(456,1)0.983623] 	 0.620833 	 1
3 15 	 [(3,1)0.648482] 	 [(75,3)0.984019] 	 0.659014 	 1
3 16 	 [(3,2)0.710137] 	 [(413,4)0.987158] 	 0.719375 	 1
3 17 	 [(3,2)0.665257] 	 [(750,1)0.985773] 	 0.674858 	 1
3 18 	 [(3,1)0.521014] 	 [(320,4)0.984060] 	 0.529453 	 1
3 19 	 [(3,6)0.711705] 	 [(343,3)0.982416] 	 0.724444 	 1
3 20 	 [(3,1)0.577701] 	 [(198,1)0.988642] 	 0.584338 	 1
4 11 	 [(4,10)0.618436] 	 [(38,7)0.987386] 	 0.626337 	 1
4 12 	 [(4,1)0.631040] 	 [(282,3)0.981784] 	 0.642748 	 1
4 13 	 [(4,10)0.488742] 	 [(128,7)0.975149] 	 0.501197 	 1
4 14 	 [(4,2)0.792975] 	 [(215,10)0.979736] 	 0.809376 	 1
4 15 	 [(4,1)0.408097] 	 [(12,10)0.982251] 	 0.415471 	 1
4 16 	 [(4,1)0.702323] 	 [(271,1)0.980429] 	 0.716343 	 1
4 17 	 [(4,1)0.703328] 	 [(652,1)0.984204] 	 0.714616 	 1
4 18 	 [(4,1)0.649502] 	 [(652,5)0.985740] 	 0.658898 	 1
4 19 	 [(4,1)0.669494] 	 [(652,3)0.980338] 	 0.682922 	 1
4 20 	 [(4,1)0.652563] 	 [(319,9)0.985308] 	 0.662293 	 1
5 11 	 [(5,7)0.512475] 	 [(23,4)0.975686] 	 0.525246 	 1
5 12 	 [(5,1)0.691132] 	 [(517,9)0.972224] 	 0.710877 	 1
5 13 	 [(5,10)0.553787] 	 [(600,9)0.976503] 	 0.567112 	 1
5 14 	 [(5,1)0.659141] 	 [(514,10)0.973091] 	 0.677368 	 1
5 15 	 [(5,2)0.754726] 	 [(127,8)0.975215] 	 0.773907 	 1
5 16 	 [(5,2)0.741690] 	 [(594,4)0.971170] 	 0.763708 	 1
5 17 	 [(5,2)0.651339] 	 [(105,9)0.962465] 	 0.676740 	 1
5 18 	 [(5,2)0.488655] 	 [(242,8)0.963011] 	 0.507424 	 1
5 19 	 [(5,2)0.720899] 	 [(77,2)0.971129] 	 0.742331 	 1
5 20 	 [(5,1)0.810976] 	 [(105,6)0.962984] 	 0.842149 	 1
6 11 	 [(6,10)0.688590] 	 [(604,3)0.973488] 	 0.707343 	 1
6 12 	 [(6,2)0.575744] 	 [(30,1)0.973088] 	 0.591667 	 1
6 13 	 [(6,10)0.627897] 	 [(271,1)0.965417] 	 0.650389 	 1
6 14 	 [(6,1)0.660862] 	 [(317,8)0.983166] 	 0.672177 	 1
6 15 	 [(6,2)0.623061] 	 [(12,2)0.976797] 	 0.637861 	 1
6 16 	 [(6,2)0.727473] 	 [(30,3)0.960530] 	 0.757366 	 1
6 17 	 [(6,2)0.723065] 	 [(12,2)0.965872] 	 0.748614 	 1
6 18 	 [(6,2)0.517093] 	 [(634,7)0.969822] 	 0.533183 	 1
6 19 	 [(6,2)0.726539] 	 [(735,5)0.972066] 	 0.747417 	 1
6 20 	 [(6,2)0.458242] 	 [(30,9)0.975649] 	 0.469679 	 1
7 11 	 [(7,10)0.516586] 	 [(192,7)0.975856] 	 0.529367 	 1
7 12 	 [(7,7)0.786160] 	 [(204,4)0.969464] 	 0.810922 	 1
7 13 	 [(7,3)0.713368] 	 [(166,1)0.967652] 	 0.737215 	 1
7 14 	 [(7,3)0.789647] 	 [(96,4)0.968710] 	 0.815153 	 1
7 15 	 [(7,2)0.782446] 	 [(571,5)0.967305] 	 0.808893 	 1
7 16 	 [(7,2)0.748651] 	 [(433,10)0.970790] 	 0.771177 	 1
7 17 	 [(7,7)0.751483] 	 [(575,4)0.969900] 	 0.774805 	 1
7 18 	 [(7,1)0.668112] 	 [(623,6)0.962862] 	 0.693881 	 1
7 19 	 [(7,7)0.814282] 	 [(287,4)0.964791] 	 0.843998 	 1
7 20 	 [(7,2)0.429101] 	 [(415,9)0.968323] 	 0.443138 	 1
8 11 	 [(8,10)0.477922] 	 [(209,4)0.963389] 	 0.496084 	 1
8 12 	 [(8,1)0.590295] 	 [(295,8)0.961315] 	 0.614050 	 1
8 13 	 [(8,9)0.664451] 	 [(675,10)0.971633] 	 0.683850 	 1
8 14 	 [(8,10)0.801550] 	 [(426,3)0.962374] 	 0.832888 	 1
8 15 	 [(8,10)0.770641] 	 [(215,2)0.966374] 	 0.797456 	 1
8 16 	 [(8,2)0.763372] 	 [(506,9)0.971898] 	 0.785445 	 1
8 17 	 [(8,2)0.619216] 	 [(246,9)0.968756] 	 0.639187 	 1
8 18 	 [(8,2)0.594974] 	 [(426,9)0.971596] 	 0.612368 	 1
8 19 	 [(8,2)0.758604] 	 [(96,8)0.974242] 	 0.778661 	 1
8 20 	 [(8,9)0.868049] 	 [(733,2)0.969053] 	 0.895770 	 1
9 11 	 [(9,6)0.626045] 	 [(63,10)0.984678] 	 0.635787 	 1
9 12 	 [(9,1)0.456665] 	 [(565,5)0.987060] 	 0.462652 	 1
9 13 	 [(9,3)0.616376] 	 [(63,10)0.979895] 	 0.629022 	 1
9 14 	 [(9,1)0.518518] 	 [(476,10)0.984671] 	 0.526590 	 1
9 15 	 [(9,1)0.411371] 	 [(78,4)0.985263] 	 0.417524 	 1
9 16 	 [(9,6)0.545036] 	 [(279,9)0.984981] 	 0.553347 	 1
9 17 	 [(9,1)0.483923] 	 [(773,9)0.987018] 	 0.490288 	 1
9 18 	 [(9,2)0.490723] 	 [(558,6)0.986160] 	 0.497610 	 1
9 19 	 [(9,2)0.462055] 	 [(35,5)0.984396] 	 0.469379 	 1
9 20 	 [(9,2)0.432788] 	 [(98,9)0.985848] 	 0.439001 	 1
10 11 	 [(10,10)0.295835] 	 [(593,2)0.987245] 	 0.299657 	 1
10 12 	 [(10,1)0.687859] 	 [(293,1)0.978785] 	 0.702768 	 1
10 13 	 [(10,9)0.471187] 	 [(665,7)0.984754] 	 0.478482 	 1
10 14 	 [(10,1)0.804964] 	 [(694,5)0.975583] 	 0.825111 	 1
10 15 	 [(10,1)0.627815] 	 [(532,5)0.982502] 	 0.638996 	 1
10 16 	 [(10,1)0.885294] 	 [(750,3)0.979637] 	 0.903696 	 1
10 17 	 [(10,1)0.850203] 	 [(36,4)0.976415] 	 0.870739 	 1
10 18 	 [(10,1)0.918186] 	 [(118,1)0.970792] 	 0.945811 	 1
10 19 	 [(10,1)0.806322] 	 [(176,3)0.986602] 	 0.817272 	 1
10 20 	 [(10,7)0.770469] 	 [(644,5)0.984204] 	 0.782835 	 1
11 11 	 [(11,7)0.379171] 	 [(73,6)0.972973] 	 0.389704 	 1
11 12 	 [(11,1)0.763270] 	 [(242,3)0.977295] 	 0.781003 	 1
11 13 	 [(11,10)0.285342] 	 [(417,7)0.972818] 	 0.293315 	 1
11 14 	 [(11,5)0.645063] 	 [(604,8)0.971028] 	 0.664309 	 1
11 15 	 [(11,7)0.648461] 	 [(107,7)0.973860] 	 0.665867 	 1
11 16 	 [(11,7)0.747682] 	 [(159,10)0.967962] 	 0.772429 	 1
11 17 	 [(11,2)0.710449] 	 [(242,6)0.967948] 	 0.733974 	 1
11 18 	 [(11,7)0.698065] 	 [(159,5)0.971251] 	 0.718728 	 1
11 19 	 [(11,8)0.717800] 	 [(283,3)0.976502] 	 0.735073 	 1
11 20 	 [(11,7)0.712146] 	 [(744,8)0.962386] 	 0.739980 	 1
12 11 	 [(12,10)0.493625] 	 [(408,10)0.976680] 	 0.505411 	 1
12 12 	 [(12,9)0.701178] 	 [(58,7)0.974582] 	 0.719465 	 1
12 13 	 [(12,10)0.550775] 	 [(671,3)0.977085] 	 0.563692 	 1
12 14 	 [(12,9)0.768961] 	 [(159,8)0.969146] 	 0.793442 	 1
12 15 	 [(12,1)0.699854] 	 [(744,5)0.973395] 	 0.718983 	 1
12 16 	 [(12,5)0.760550] 	 [(283,3)0.977601] 	 0.777976 	 1
12 17 	 [(12,9)0.743657] 	 [(776,8)0.973575] 	 0.763842 	 1
12 18 	 [(12,1)0.712333] 	 [(30,1)0.971064] 	 0.733559 	 1
12 19 	 [(12,2)0.802460] 	 [(317,4)0.974213] 	 0.823701 	 1
12 20 	 [(12,9)0.814704] 	 [(211,1)0.970283] 	 0.839656 	 1
13 11 	 [(13,9)0.290601] 	 [(600,7)0.972981] 	 0.298671 	 1
13 12 	 [(13,8)0.731802] 	 [(239,10)0.985657] 	 0.742451 	 1
13 13 	 [(13,7)0.515378] 	 [(600,7)0.979449] 	 0.526192 	 1
13 14 	 [(13,2)0.415221] 	 [(485,1)0.980849] 	 0.423328 	 1
13 15 	 [(13,2)0.672341] 	 [(563,10)0.983230] 	 0.683808 	 1
13 16 	 [(13,6)0.728866] 	 [(269,9)0.984325] 	 0.740473 	 1
13 17 	 [(13,2)0.627197] 	 [(142,6)0.983191] 	 0.637920 	 1
13 18 	 [(13,2)0.420809] 	 [(485,1)0.981794] 	 0.428612 	 1
13 19 	 [(13,2)0.504239] 	 [(485,1)0.984057] 	 0.512408 	 1
13 20 	 [(13,2)0.526809] 	 [(485,1)0.981029] 	 0.536996 	 1
14 11 	 [(14,10)0.293600] 	 [(711,1)0.983838] 	 0.298423 	 1
14 12 	 [(14,1)0.420280] 	 [(492,10)0.976073] 	 0.430583 	 1
14 13 	 [(14,9)0.356915] 	 [(19,6)0.987028] 	 0.361606 	 1
14 14 	 [(14,5)0.633641] 	 [(777,1)0.976457] 	 0.648918 	 1
14 15 	 [(14,3)0.581094] 	 [(205,6)0.981323] 	 0.592154 	 1
14 16 	 [(14,5)0.613097] 	 [(277,5)0.980953] 	 0.625001 	 1
14 17 	 [(14,3)0.702539] 	 [(654,4)0.985962] 	 0.712542 	 1
14 18 	 [(14,3)0.661419] 	 [(777,1)0.981007] 	 0.674225 	 1
14 19 	 [(14,1)0.515763] 	 [(476,8)0.981143] 	 0.525676 	 1
14 20 	 [(14,9)0.668858] 	 [(458,4)0.976521] 	 0.684940 	 1
15 11 	 [(15,5)0.591922] 	 [(431,1)0.977481] 	 0.605559 	 1
15 12 	 [(15,9)0.723025] 	 [(341,1)0.984530] 	 0.734386 	 1
15 13 	 [(15,5)0.692531] 	 [(298,9)0.979023] 	 0.707369 	 1
15 14 	 [(15,4)0.689534] 	 [(614,1)0.983280] 	 0.701259 	 1
15 15 	 [(15,2)0.769502] 	 [(562,3)0.981487] 	 0.784016 	 1
15 16 	 [(15,10)0.659386] 	 [(16,2)0.980564] 	 0.672456 	 1
15 17 	 [(15,2)0.776190] 	 [(135,1)0.976420] 	 0.794935 	 1
15 18 	 [(15,8)0.738803] 	 [(651,2)0.979804] 	 0.754031 	 1
15 19 	 [(15,2)0.803423] 	 [(673,1)0.981940] 	 0.818200 	 1
15 20 	 [(15,2)0.627820] 	 [(318,4)0.983155] 	 0.638577 	 1
16 11 	 [(16,4)0.536454] 	 [(652,4)0.976745] 	 0.549226 	 1
16 12 	 [(16,2)0.605269] 	 [(230,1)0.981899] 	 0.616427 	 1
16 13 	 [(16,5)0.500629] 	 [(374,10)0.979514] 	 0.511099 	 1
16 14 	 [(16,2)0.562939] 	 [(374,3)0.980646] 	 0.574049 	 1
16 15 	 [(16,8)0.718153] 	 [(36,9)0.977337] 	 0.734806 	 1
16 16 	 [(16,7)0.677243] 	 [(72,9)0.981983] 	 0.689669 	 1
16 17 	 [(16,2)0.561243] 	 [(305,5)0.979963] 	 0.572719 	 1
16 18 	 [(16,2)0.631931] 	 [(374,9)0.977148] 	 0.646710 	 1
16 19 	 [(16,2)0.553826] 	 [(652,4)0.980464] 	 0.564861 	 1
16 20 	 [(16,2)0.475531] 	 [(432,9)0.976023] 	 0.487213 	 1
17 11 	 [(17,10)0.533782] 	 [(277,2)0.977822] 	 0.545889 	 1
17 12 	 [(17,1)0.729194] 	 [(70,7)0.977893] 	 0.745679 	 1
17 13 	 [(17,5)0.667006] 	 [(670,1)0.972028] 	 0.686200 	 1
17 14 	 [(17,1)0.257355] 	 [(45,3)0.984291] 	 0.261462 	 1
17 15 	 [(17,7)0.699720] 	 [(45,8)0.977415] 	 0.715888 	 1
17 16 	 [(17,7)0.702138] 	 [(644,1)0.979447] 	 0.716872 	 1
17 17 	 [(17,10)0.706523] 	 [(158,4)0.971953] 	 0.726911 	 1
17 18 	 [(17,2)0.444666] 	 [(45,6)0.981817] 	 0.452901 	 1
17 19 	 [(17,2)0.381605] 	 [(12,7)0.975098] 	 0.391350 	 1
17 20 	 [(17,2)0.313929] 	 [(276,7)0.978536] 	 0.320815 	 1
18 11 	 [(18,4)0.229808] 	 [(277,9)0.974590] 	 0.235800 	 1
18 12 	 [(18,1)0.508789] 	 [(706,7)0.982946] 	 0.517616 	 1
18 13 	 [(18,10)0.258727] 	 [(11,9)0.978536] 	 0.264402 	 1
18 14 	 [(18,1)0.378956] 	 [(619,2)0.976849] 	 0.387937 	 1
18 15 	 [(18,1)0.342620] 	 [(527,9)0.983658] 	 0.348312 	 1
18 16 	 [(18,1)0.433258] 	 [(12,8)0.979213] 	 0.442455 	 1
18 17 	 [(18,1)0.549234] 	 [(12,7)0.979230] 	 0.560884 	 1
18 18 	 [(18,9)0.485390] 	 [(670,10)0.982597] 	 0.493987 	 1
18 19 	 [(18,1)0.543108] 	 [(777,8)0.977068] 	 0.555855 	 1
18 20 	 [(18,1)0.473484] 	 [(777,5)0.981362] 	 0.482476 	 1
19 11 	 [(19,10)0.380580] 	 [(562,3)0.970478] 	 0.392157 	 1
19 12 	 [(19,1)0.343652] 	 [(20,5)0.977829] 	 0.351444 	 1
19 13 	 [(19,2)0.456776] 	 [(20,6)0.969879] 	 0.470962 	 1
19 14 	 [(19,2)0.661825] 	 [(20,5)0.959294] 	 0.689908 	 1
19 15 	 [(19,3)0.602894] 	 [(53,2)0.974863] 	 0.618440 	 1
19 16 	 [(19,9)0.565991] 	 [(20,5)0.973689] 	 0.581285 	 1
19 17 	 [(19,2)0.593305] 	 [(20,5)0.959556] 	 0.618312 	 1
19 18 	 [(19,2)0.366421] 	 [(20,4)0.972748] 	 0.376686 	 1
19 19 	 [(19,2)0.331973] 	 [(20,5)0.970957] 	 0.341903 	 1
19 20 	 [(19,2)0.232082] 	 [(20,10)0.976523] 	 0.237662 	 1
20 11 	 [(20,10)0.385444] 	 [(19,3)0.973349] 	 0.395998 	 1
20 12 	 [(20,1)0.440199] 	 [(19,3)0.975360] 	 0.451320 	 1
20 13 	 [(20,10)0.365409] 	 [(19,4)0.972082] 	 0.375903 	 1
20 14 	 [(20,1)0.731990] 	 [(195,2)0.970030] 	 0.754606 	 1
20 15 	 [(20,1)0.652792] 	 [(19,8)0.979207] 	 0.666654 	 1
20 16 	 [(20,7)0.848094] 	 [(303,5)0.970118] 	 0.874217 	 1
20 17 	 [(20,9)0.868193] 	 [(303,5)0.974079] 	 0.891296 	 1
20 18 	 [(20,4)0.897488] 	 [(19,10)0.978586] 	 0.917127 	 1
20 19 	 [(20,5)0.900092] 	 [(303,10)0.975119] 	 0.923059 	 1
20 20 	 [(20,2)0.303718] 	 [(19,3)0.976303] 	 0.311090 	 1
21 11 	 [(21,10)0.370528] 	 [(369,4)0.972836] 	 0.380874 	 1
21 12 	 [(21,1)0.601185] 	 [(485,1)0.979675] 	 0.613658 	 1
21 13 	 [(21,10)0.466893] 	 [(602,1)0.969321] 	 0.481670 	 1
21 14 	 [(21,2)0.546362] 	 [(23,9)0.974692] 	 0.560548 	 1
21 15 	 [(21,2)0.477042] 	 [(316,8)0.962372] 	 0.495694 	 1
21 16 	 [(21,2)0.438257] 	 [(71,5)0.967130] 	 0.453152 	 1
21 17 	 [(21,2)0.612568] 	 [(520,6)0.965256] 	 0.634617 	 1
21 18 	 [(21,2)0.431391] 	 [(443,5)0.970809] 	 0.444362 	 1
21 19 	 [(21,2)0.755442] 	 [(538,3)0.968344] 	 0.780138 	 1
21 20 	 [(21,2)0.333095] 	 [(443,7)0.964650] 	 0.345301 	 1
22 11 	 [(22,3)0.442160] 	 [(61,2)0.976587] 	 0.452760 	 1
22 12 	 [(22,1)0.610594] 	 [(43,8)0.962686] 	 0.634261 	 1
22 13 	 [(22,4)0.531459] 	 [(539,6)0.965393] 	 0.550511 	 1
22 14 	 [(22,2)0.719393] 	 [(242,10)0.953666] 	 0.754345 	 1
22 15 	 [(22,3)0.745238] 	 [(448,1)0.961988] 	 0.774685 	 1
22 16 	 [(22,1)0.803870] 	 [(262,3)0.965977] 	 0.832183 	 1
22 17 	 [(22,2)0.649275] 	 [(211,3)0.969989] 	 0.669363 	 1
22 18 	 [(22,1)0.689884] 	 [(561,3)0.965411] 	 0.714601 	 1
22 19 	 [(22,2)0.588038] 	 [(364,10)0.985553] 	 0.596658 	 1
22 20 	 [(22,2)0.734224] 	 [(721,5)0.956176] 	 0.767875 	 1
23 11 	 [(23,5)0.705197] 	 [(602,1)0.967066] 	 0.729213 	 1
23 12 	 [(23,3)0.860696] 	 [(317,2)0.965421] 	 0.891524 	 1
23 13 	 [(23,10)0.724981] 	 [(178,2)0.964789] 	 0.751440 	 1
23 14 	 [(23,1)0.692043] 	 [(657,2)0.973360] 	 0.710984 	 1
23 15 	 [(23,3)0.673552] 	 [(519,8)0.975634] 	 0.690374 	 1
23 16 	 [(23,2)0.526858] 	 [(600,6)0.972603] 	 0.541699 	 1
23 17 	 [(23,3)0.714575] 	 [(43,3)0.969365] 	 0.737158 	 1
23 18 	 [(23,3)0.756695] 	 [(417,4)0.967328] 	 0.782253 	 1
23 19 	 [(23,3)0.627384] 	 [(61,2)0.965471] 	 0.649822 	 1
23 20 	 [(23,6)0.726121] 	 [(423,8)0.972573] 	 0.746598 	 1
24 11 	 [(24,10)0.566590] 	 [(281,1)0.965457] 	 0.586862 	 1
24 12 	 [(24,1)0.539020] 	 [(604,8)0.978034] 	 0.551126 	 1
24 13 	 [(24,9)0.763162] 	 [(344,5)0.957707] 	 0.796864 	 1
24 14 	 [(24,4)0.764856] 	 [(370,1)0.977095] 	 0.782786 	 1
24 15 	 [(24,2)0.728080] 	 [(283,7)0.978923] 	 0.743756 	 1
24 16 	 [(24,4)0.800881] 	 [(203,5)0.958454] 	 0.835597 	 1
24 17 	 [(24,6)0.746874] 	 [(604,8)0.978063] 	 0.763626 	 1
24 18 	 [(24,6)0.759765] 	 [(604,8)0.971885] 	 0.781744 	 1
24 19 	 [(24,9)0.799669] 	 [(283,3)0.970878] 	 0.823655 	 1
24 20 	 [(24,6)0.812231] 	 [(283,4)0.969501] 	 0.837783 	 1
25 11 	 [(25,10)0.360524] 	 [(107,2)0.964252] 	 0.373890 	 1
25 12 	 [(25,2)0.542211] 	 [(187,6)0.977378] 	 0.554761 	 1
25 13 	 [(25,6)0.620450] 	 [(693,5)0.968595] 	 0.640567 	 1
25 14 	 [(25,2)0.662494] 	 [(39,7)0.984299] 	 0.673062 	 1
25 15 	 [(25,2)0.515318] 	 [(206,3)0.981098] 	 0.525246 	 1
25 16 	 [(25,5)0.756680] 	 [(330,6)0.976259] 	 0.775081 	 1
25 17 	 [(25,2)0.786925] 	 [(602,9)0.984533] 	 0.799288 	 1
25 18 	 [(25,2)0.652315] 	 [(647,2)0.984271] 	 0.662739 	 1
25 19 	 [(25,2)0.466812] 	 [(39,4)0.977593] 	 0.477512 	 1
25 20 	 [(25,2)0.513961] 	 [(39,5)0.980564] 	 0.524148 	 1
26 11 	 [(26,10)0.670136] 	 [(8,1)0.974369] 	 0.687764 	 1
26 12 	 [(26,6)0.753353] 	 [(674,3)0.985024] 	 0.764807 	 1
26 13 	 [(26,10)0.663278] 	 [(430,9)0.974042] 	 0.680954 	 1
26 14 	 [(26,9)0.570092] 	 [(12,5)0.971738] 	 0.586673 	 1
26 15 	 [(26,2)0.550396] 	 [(603,1)0.980469] 	 0.561360 	 1
26 16 	 [(26,7)0.746851] 	 [(128,3)0.978627] 	 0.763162 	 1
26 17 	 [(26,2)0.652806] 	 [(352,3)0.980784] 	 0.665596 	 1
26 18 	 [(26,2)0.513259] 	 [(719,8)0.981731] 	 0.522810 	 1
26 19 	 [(26,2)0.383764] 	 [(78,6)0.977792] 	 0.392480 	 1
26 20 	 [(26,2)0.500152] 	 [(284,9)0.984764] 	 0.507890 	 1
27 11 	 [(27,10)0.598476] 	 [(728,7)0.976015] 	 0.613183 	 1
27 12 	 [(27,1)0.498868] 	 [(515,6)0.983039] 	 0.507475 	 1
27 13 	 [(27,10)0.793971] 	 [(23,1)0.979375] 	 0.810692 	 1
27 14 	 [(27,3)0.742680] 	 [(123,3)0.972808] 	 0.763439 	 1
27 15 	 [(27,2)0.743321] 	 [(227,5)0.958454] 	 0.775542 	 1
27 16 	 [(27,2)0.728331] 	 [(574,6)0.977863] 	 0.744819 	 1
27 17 	 [(27,1)0.686188] 	 [(67,3)0.981894] 	 0.698841 	 1
27 18 	 [(27,8)0.756091] 	 [(227,5)0.979858] 	 0.771633 	 1
27 19 	 [(27,1)0.817227] 	 [(67,5)0.984866] 	 0.829785 	 1
27 20 	 [(27,2)0.555593] 	 [(653,2)0.982200] 	 0.565662 	 1
28 11 	 [(28,10)0.372430] 	 [(295,9)0.973409] 	 0.382604 	 1
28 12 	 [(28,9)0.709097] 	 [(779,3)0.975771] 	 0.726704 	 1
28 13 	 [(28,10)0.231419] 	 [(32,3)0.972863] 	 0.237874 	 1
28 14 	 [(28,6)0.630722] 	 [(374,7)0.978365] 	 0.644669 	 1
28 15 	 [(28,3)0.705160] 	 [(360,10)0.979311] 	 0.720057 	 1
28 16 	 [(28,7)0.653130] 	 [(410,8)0.972784] 	 0.671403 	 1
28 17 	 [(28,2)0.609460] 	 [(193,1)0.977870] 	 0.623253 	 1
28 18 	 [(28,1)0.618488] 	 [(374,7)0.981952] 	 0.629856 	 1
28 19 	 [(28,3)0.605254] 	 [(584,1)0.978913] 	 0.618292 	 1
28 20 	 [(28,3)0.676230] 	 [(370,9)0.977932] 	 0.691490 	 1
29 11 	 [(29,9)0.722458] 	 [(470,7)0.968000] 	 0.746341 	 1
29 12 	 [(29,2)0.733803] 	 [(485,1)0.976167] 	 0.751719 	 1
29 13 	 [(29,8)0.748845] 	 [(57,1)0.976645] 	 0.766753 	 1
29 14 	 [(29,1)0.612140] 	 [(515,2)0.977284] 	 0.626369 	 1
29 15 	 [(29,4)0.764062] 	 [(430,7)0.974596] 	 0.783978 	 1
29 16 	 [(29,2)0.714318] 	 [(57,6)0.975093] 	 0.732564 	 1
29 17 	 [(29,2)0.573339] 	 [(369,2)0.978904] 	 0.585695 	 1
29 18 	 [(29,1)0.755851] 	 [(57,1)0.969185] 	 0.779883 	 1
29 19 	 [(29,2)0.775055] 	 [(470,4)0.980412] 	 0.790540 	 1
29 20 	 [(29,2)0.726997] 	 [(673,7)0.981654] 	 0.740584 	 1
30 11 	 [(30,10)0.522170] 	 [(738,4)0.963393] 	 0.542011 	 1
30 12 	 [(30,1)0.674354] 	 [(563,7)0.964466] 	 0.699199 	 1
30 13 	 [(30,9)0.512823] 	 [(374,2)0.955571] 	 0.536667 	 1
30 14 	 [(30,8)0.723254] 	 [(567,8)0.967646] 	 0.747437 	 1
30 15 	 [(30,2)0.620188] 	 [(159,10)0.966858] 	 0.641447 	 1
30 16 	 [(30,1)0.687829] 	 [(61,2)0.964186] 	 0.713378 	 1
30 17 	 [(30,4)0.631260] 	 [(159,5)0.967791] 	 0.652269 	 1
30 18 	 [(30,9)0.644542] 	 [(283,4)0.969829] 	 0.664593 	 1
30 19 	 [(30,2)0.546788] 	 [(563,3)0.952002] 	 0.574356 	 1
30 20 	 [(30,2)0.613131] 	 [(211,1)0.968063] 	 0.633359 	 1
31 11 	 [(31,10)0.363182] 	 [(573,10)0.966414] 	 0.375804 	 1
31 12 	 [(31,1)0.398684] 	 [(134,5)0.979245] 	 0.407134 	 1
31 13 	 [(31,8)0.598954] 	 [(573,10)0.957495] 	 0.625543 	 1
31 14 	 [(31,4)0.737743] 	 [(777,1)0.971420] 	 0.759448 	 1
31 15 	 [(31,4)0.708856] 	 [(499,6)0.973764] 	 0.727955 	 1
31 16 	 [(31,1)0.593363] 	 [(52,6)0.978297] 	 0.606526 	 1
31 17 	 [(31,2)0.697109] 	 [(304,9)0.973877] 	 0.715808 	 1
31 18 	 [(31,4)0.694215] 	 [(32,5)0.976162] 	 0.711168 	 1
31 19 	 [(31,2)0.724480] 	 [(674,9)0.973048] 	 0.744547 	 1
31 20 	 [(31,4)0.712222] 	 [(369,4)0.970287] 	 0.734032 	 1
32 11 	 [(32,6)0.296635] 	 [(769,1)0.961038] 	 0.308661 	 1
32 12 	 [(32,6)0.842467] 	 [(230,1)0.984018] 	 0.856150 	 1
32 13 	 [(32,3)0.514050] 	 [(364,2)0.973874] 	 0.527840 	 1
32 14 	 [(32,6)0.694988] 	 [(148,8)0.974058] 	 0.713498 	 1
32 15 	 [(32,2)0.643239] 	 [(52,4)0.971399] 	 0.662178 	 1
32 16 	 [(32,2)0.606405] 	 [(442,10)0.966549] 	 0.627392 	 1
32 17 	 [(32,2)0.595517] 	 [(487,4)0.966027] 	 0.616460 	 1
32 18 	 [(32,2)0.746565] 	 [(487,4)0.965502] 	 0.773240 	 1
32 19 	 [(32,2)0.460173] 	 [(195,5)0.970165] 	 0.474324 	 1
32 20 	 [(32,2)0.287140] 	 [(52,8)0.971803] 	 0.295471 	 1
33 11 	 [(33,7)0.743682] 	 [(300,7)0.977023] 	 0.761171 	 1
33 12 	 [(33,1)0.828861] 	 [(481,1)0.976297] 	 0.848984 	 1
33 13 	 [(33,7)0.834787] 	 [(258,1)0.973742] 	 0.857298 	 1
33 14 	 [(33,1)0.866703] 	 [(524,4)0.983722] 	 0.881045 	 1
33 15 	 [(33,1)0.748189] 	 [(29,9)0.970639] 	 0.770821 	 1
33 16 	 [(33,6)0.762508] 	 [(417,8)0.983149] 	 0.775577 	 1
33 17 	 [(33,2)0.769535] 	 [(79,7)0.980728] 	 0.784657 	 1
33 18 	 [(33,2)0.781550] 	 [(180,1)0.980217] 	 0.797323 	 1
33 19 	 [(33,2)0.758036] 	 [(600,1)0.975876] 	 0.776775 	 1
33 20 	 [(33,6)0.749935] 	 [(175,2)0.980084] 	 0.765174 	 1
34 11 	 [(34,4)0.797858] 	 [(521,1)0.968927] 	 0.823445 	 1
34 12 	 [(34,2)0.702257] 	 [(488,6)0.977426] 	 0.718476 	 1
34 13 	 [(34,2)0.693095] 	 [(761,9)0.968897] 	 0.715344 	 1
34 14 	 [(34,2)0.653209] 	 [(520,7)0.978366] 	 0.667653 	 1
34 15 	 [(34,2)0.771729] 	 [(32,2)0.977496] 	 0.789496 	 1
34 16 	 [(34,2)0.504618] 	 [(520,7)0.973690] 	 0.518253 	 1
34 17 	 [(34,2)0.681805] 	 [(418,6)0.975006] 	 0.699283 	 1
34 18 	 [(34,2)0.634086] 	 [(207,1)0.971387] 	 0.652764 	 1
34 19 	 [(34,2)0.676194] 	 [(287,6)0.974955] 	 0.693564 	 1
34 20 	 [(34,2)0.558385] 	 [(520,7)0.973671] 	 0.573484 	 1
35 11 	 [(35,9)0.611119] 	 [(36,8)0.976275] 	 0.625970 	 1
35 12 	 [(35,1)0.676734] 	 [(96,7)0.980869] 	 0.689933 	 1
35 13 	 [(35,3)0.387766] 	 [(52,8)0.974782] 	 0.397798 	 1
35 14 	 [(35,7)0.743662] 	 [(52,10)0.978201] 	 0.760234 	 1
35 15 	 [(35,4)0.737203] 	 [(236,2)0.971983] 	 0.758453 	 1
35 16 	 [(35,2)0.799343] 	 [(594,10)0.981654] 	 0.814282 	 1
35 17 	 [(35,1)0.847259] 	 [(497,6)0.981809] 	 0.862957 	 1
35 18 	 [(35,4)0.793238] 	 [(238,6)0.982989] 	 0.806965 	 1
35 19 	 [(35,2)0.809289] 	 [(60,8)0.983783] 	 0.822630 	 1
35 20 	 [(35,1)0.850177] 	 [(463,2)0.980996] 	 0.866647 	 1
36 11 	 [(36,9)0.668990] 	 [(603,10)0.974634] 	 0.686401 	 1
36 12 	 [(36,2)0.678362] 	 [(35,6)0.980217] 	 0.692053 	 1
36 13 	 [(36,9)0.693874] 	 [(205,7)0.968979] 	 0.716088 	 1
36 14 	 [(36,2)0.815340] 	 [(35,7)0.983552] 	 0.828975 	 1
36 15 	 [(36,2)0.898677] 	 [(35,4)0.984730] 	 0.912613 	 1
36 16 	 [(36,2)0.798944] 	 [(538,9)0.982605] 	 0.813088 	 1
36 17 	 [(36,2)0.839211] 	 [(35,6)0.980732] 	 0.855699 	 1
36 18 	 [(36,7)0.882492] 	 [(394,5)0.976836] 	 0.903419 	 1
36 19 	 [(36,2)0.752115] 	 [(35,6)0.986617] 	 0.762317 	 1
36 20 	 [(36,2)0.831459] 	 [(35,6)0.984596] 	 0.844467 	 1
37 11 	 [(37,10)0.622614] 	 [(90,1)0.968818] 	 0.642653 	 1
37 12 	 [(37,5)0.730173] 	 [(202,4)0.965105] 	 0.756574 	 1
37 13 	 [(37,10)0.645094] 	 [(521,1)0.977512] 	 0.659935 	 1
37 14 	 [(37,1)0.814819] 	 [(262,5)0.968467] 	 0.841349 	 1
37 15 	 [(37,2)0.723148] 	 [(262,5)0.974959] 	 0.741721 	 1
37 16 	 [(37,6)0.711559] 	 [(242,3)0.974030] 	 0.730531 	 1
37 17 	 [(37,1)0.767872] 	 [(521,9)0.973194] 	 0.789023 	 1
37 18 	 [(37,2)0.707579] 	 [(521,3)0.968882] 	 0.730305 	 1
37 19 	 [(37,2)0.634069] 	 [(700,3)0.973960] 	 0.651022 	 1
37 20 	 [(37,2)0.782174] 	 [(22,6)0.972445] 	 0.804338 	 1
38 11 	 [(38,6)0.665929] 	 [(355,8)0.962114] 	 0.692152 	 1
38 12 	 [(38,2)0.755033] 	 [(48,10)0.983187] 	 0.767944 	 1
38 13 	 [(38,7)0.680228] 	 [(56,7)0.975599] 	 0.697241 	 1
38 14 	 [(38,2)0.720999] 	 [(652,1)0.979205] 	 0.736311 	 1
38 15 	 [(38,2)0.736042] 	 [(203,8)0.982376] 	 0.749247 	 1
38 16 	 [(38,1)0.621392] 	 [(505,7)0.973908] 	 0.638040 	 1
38 17 	 [(38,2)0.585635] 	 [(736,10)0.982479] 	 0.596079 	 1
38 18 	 [(38,2)0.669350] 	 [(539,6)0.972618] 	 0.688194 	 1
38 19 	 [(38,2)0.570385] 	 [(263,8)0.976907] 	 0.583868 	 1
38 20 	 [(38,2)0.647066] 	 [(263,8)0.981013] 	 0.659590 	 1
39 11 	 [(39,10)0.462774] 	 [(778,8)0.981518] 	 0.471488 	 1
39 12 	 [(39,1)0.658068] 	 [(443,7)0.972017] 	 0.677013 	 1
39 13 	 [(39,4)0.712713] 	 [(86,4)0.979152] 	 0.727888 	 1
39 14 	 [(39,2)0.597549] 	 [(499,9)0.965167] 	 0.619115 	 1
39 15 	 [(39,2)0.631553] 	 [(499,9)0.970752] 	 0.650581 	 1
39 16 	 [(39,2)0.536467] 	 [(443,4)0.969444] 	 0.553376 	 1
39 17 	 [(39,2)0.471768] 	 [(651,6)0.970438] 	 0.486139 	 1
39 18 	 [(39,2)0.562284] 	 [(325,2)0.969569] 	 0.579932 	 1
39 19 	 [(39,2)0.581944] 	 [(443,7)0.966390] 	 0.602183 	 1
39 20 	 [(39,2)0.640045] 	 [(580,8)0.975227] 	 0.656304 	 1
40 11 	 [(40,9)0.511890] 	 [(705,8)0.965770] 	 0.530033 	 1
40 12 	 [(40,2)0.563769] 	 [(747,4)0.961632] 	 0.586263 	 1
40 13 	 [(40,9)0.472636] 	 [(52,7)0.971263] 	 0.486620 	 1
40 14 	 [(40,6)0.554840] 	 [(520,10)0.968391] 	 0.572950 	 1
40 15 	 [(40,7)0.591713] 	 [(120,7)0.967451] 	 0.611621 	 1
40 16 	 [(40,6)0.577948] 	 [(747,4)0.966722] 	 0.597843 	 1
40 17 	 [(40,5)0.623505] 	 [(389,3)0.968508] 	 0.643779 	 1
40 18 	 [(40,5)0.613807] 	 [(195,7)0.960092] 	 0.639321 	 1
40 19 	 [(40,2)0.560643] 	 [(520,8)0.971951] 	 0.576822 	 1
40 20 	 [(40,5)0.634472] 	 [(195,7)0.967204] 	 0.655986 	 1
41 11 	 [(41,5)0.437046] 	 [(83,10)0.977755] 	 0.446989 	 1
41 12 	 [(41,1)0.587770] 	 [(55,10)0.974219] 	 0.603324 	 1
41 13 	 [(41,6)0.341608] 	 [(125,2)0.974463] 	 0.350560 	 1
41 14 	 [(41,7)0.648771] 	 [(714,6)0.980588] 	 0.661614 	 1
41 15 	 [(41,7)0.619663] 	 [(90,9)0.973384] 	 0.636607 	 1
41 16 	 [(41,6)0.713564] 	 [(600,6)0.982352] 	 0.726383 	 1
41 17 	 [(41,7)0.662428] 	 [(600,9)0.979979] 	 0.675961 	 1
41 18 	 [(41,2)0.659375] 	 [(268,5)0.982489] 	 0.671127 	 1
41 19 	 [(41,2)0.754181] 	 [(125,2)0.969959] 	 0.777539 	 1
41 20 	 [(41,5)0.637338] 	 [(539,5)0.977825] 	 0.651791 	 1
42 11 	 [(42,10)0.440250] 	 [(205,9)0.970050] 	 0.453843 	 1
42 12 	 [(42,1)0.570582] 	 [(747,4)0.975760] 	 0.584756 	 1
42 13 	 [(42,1)0.701611] 	 [(696,4)0.977154] 	 0.718015 	 1
42 14 	 [(42,1)0.606544] 	 [(362,10)0.969333] 	 0.625733 	 1
42 15 	 [(42,5)0.624103] 	 [(387,9)0.974998] 	 0.640107 	 1
42 16 	 [(42,2)0.536447] 	 [(466,1)0.970428] 	 0.552794 	 1
42 17 	 [(42,5)0.611599] 	 [(205,7)0.969565] 	 0.630797 	 1
42 18 	 [(42,4)0.583652] 	 [(199,7)0.976170] 	 0.597900 	 1
42 19 	 [(42,4)0.548680] 	 [(512,1)0.972433] 	 0.564234 	 1
42 20 	 [(42,2)0.714967] 	 [(412,8)0.975122] 	 0.733208 	 1
43 11 	 [(43,3)0.581971] 	 [(634,3)0.964233] 	 0.603558 	 1
43 12 	 [(43,1)0.331799] 	 [(475,5)0.987933] 	 0.335852 	 1
43 13 	 [(43,4)0.500888] 	 [(702,4)0.973767] 	 0.514382 	 1
43 14 	 [(43,1)0.540361] 	 [(24,2)0.984381] 	 0.548935 	 1
43 15 	 [(43,1)0.460442] 	 [(322,7)0.982268] 	 0.468754 	 1
43 16 	 [(43,1)0.655056] 	 [(190,7)0.980316] 	 0.668209 	 1
43 17 	 [(43,1)0.600403] 	 [(600,6)0.985621] 	 0.609162 	 1
43 18 	 [(43,3)0.627073] 	 [(505,5)0.977745] 	 0.641346 	 1
43 19 	 [(43,2)0.573572] 	 [(761,6)0.966207] 	 0.593633 	 1
43 20 	 [(43,2)0.289089] 	 [(108,8)0.967274] 	 0.298870 	 1
44 11 	 [(44,10)0.376346] 	 [(213,5)0.987496] 	 0.381111 	 1
44 12 	 [(44,2)0.747922] 	 [(181,1)0.959862] 	 0.779197 	 1
44 13 	 [(44,10)0.653576] 	 [(68,4)0.983346] 	 0.664645 	 1
44 14 	 [(44,1)0.700358] 	 [(479,1)0.958201] 	 0.730909 	 1
44 15 	 [(44,2)0.788438] 	 [(269,3)0.965957] 	 0.816225 	 1
44 16 	 [(44,2)0.708536] 	 [(379,8)0.961923] 	 0.736583 	 1
44 17 	 [(44,2)0.732004] 	 [(56,10)0.960932] 	 0.761765 	 1
44 18 	 [(44,5)0.715692] 	 [(134,6)0.974421] 	 0.734479 	 1
44 19 	 [(44,5)0.771449] 	 [(379,8)0.960466] 	 0.803203 	 1
44 20 	 [(44,2)0.687216] 	 [(220,1)0.950232] 	 0.723209 	 1
45 11 	 [(45,4)0.386645] 	 [(17,9)0.975673] 	 0.396285 	 1
45 12 	 [(45,1)0.294056] 	 [(665,3)0.978631] 	 0.300477 	 1
45 13 	 [(45,5)0.279140] 	 [(459,5)0.974698] 	 0.286386 	 1
45 14 	 [(45,1)0.366928] 	 [(316,9)0.984814] 	 0.372586 	 1
45 15 	 [(45,1)0.318109] 	 [(316,9)0.982640] 	 0.323729 	 1
45 16 	 [(45,9)0.459453] 	 [(316,9)0.982615] 	 0.467582 	 1
45 17 	 [(45,10)0.439256] 	 [(460,5)0.976740] 	 0.449716 	 1
45 18 	 [(45,4)0.438969] 	 [(61,1)0.981672] 	 0.447165 	 1
45 19 	 [(45,4)0.536123] 	 [(242,2)0.978524] 	 0.547889 	 1
45 20 	 [(45,1)0.414370] 	 [(668,6)0.984178] 	 0.421032 	 1
46 11 	 [(46,10)0.394909] 	 [(574,2)0.976026] 	 0.404609 	 1
46 12 	 [(46,7)0.543778] 	 [(674,5)0.983143] 	 0.553102 	 1
46 13 	 [(46,5)0.398165] 	 [(674,4)0.977445] 	 0.407353 	 1
46 14 	 [(46,1)0.350181] 	 [(674,9)0.980952] 	 0.356981 	 1
46 15 	 [(46,7)0.489635] 	 [(777,7)0.985450] 	 0.496864 	 1
46 16 	 [(46,5)0.445001] 	 [(441,5)0.981197] 	 0.453529 	 1
46 17 	 [(46,7)0.548976] 	 [(460,2)0.981901] 	 0.559095 	 1
46 18 	 [(46,5)0.606674] 	 [(32,6)0.984783] 	 0.616048 	 1
46 19 	 [(46,9)0.500067] 	 [(674,10)0.984935] 	 0.507716 	 1
46 20 	 [(46,9)0.464919] 	 [(23,1)0.980313] 	 0.474256 	 1
47 11 	 [(47,2)0.730067] 	 [(573,6)0.980345] 	 0.744704 	 1
47 12 	 [(47,1)0.419970] 	 [(580,1)0.986237] 	 0.425831 	 1
47 13 	 [(47,6)0.598523] 	 [(407,4)0.978228] 	 0.611844 	 1
47 14 	 [(47,1)0.463191] 	 [(542,9)0.982274] 	 0.471550 	 1
47 15 	 [(47,2)0.564059] 	 [(53,8)0.984629] 	 0.572865 	 1
47 16 	 [(47,2)0.545245] 	 [(214,7)0.980072] 	 0.556332 	 1
47 17 	 [(47,2)0.373291] 	 [(307,4)0.983286] 	 0.379636 	 1
47 18 	 [(47,2)0.238684] 	 [(690,1)0.983411] 	 0.242710 	 1
47 19 	 [(47,2)0.402646] 	 [(23,8)0.983984] 	 0.409200 	 1
47 20 	 [(47,2)0.196237] 	 [(395,4)0.983411] 	 0.199547 	 1
48 11 	 [(48,8)0.454321] 	 [(316,5)0.978336] 	 0.464381 	 1
48 12 	 [(48,2)0.295033] 	 [(717,9)0.986109] 	 0.299189 	 1
48 13 	 [(48,10)0.186559] 	 [(203,10)0.972620] 	 0.191811 	 1
48 14 	 [(48,1)0.357163] 	 [(120,9)0.986825] 	 0.361931 	 1
48 15 	 [(48,2)0.468924] 	 [(321,4)0.982562] 	 0.477246 	 1
48 16 	 [(48,2)0.466091] 	 [(657,6)0.976010] 	 0.477547 	 1
48 17 	 [(48,2)0.426536] 	 [(213,9)0.981106] 	 0.434750 	 1
48 18 	 [(48,2)0.385927] 	 [(562,9)0.986027] 	 0.391396 	 1
48 19 	 [(48,2)0.351686] 	 [(159,5)0.979322] 	 0.359112 	 1
48 20 	 [(48,9)0.431670] 	 [(374,7)0.969211] 	 0.445383 	 1
49 11 	 [(49,8)0.447255] 	 [(382,9)0.974383] 	 0.459014 	 1
49 12 	 [(49,2)0